[Sensor]
pos1x = 50
pos1y = 116
pos2x = 52
pos2y = 116
pos3x = 54
pos3y = 116
posz1 = 62.82
posz2 = 62.83
posz3 = 62.84
posz4 = 62.85
posz5 = 62.86
posz6 = 62.87
k = 307.391817447
k1 = 59.5429

[Camera]
markcapx = 173.06
markcapy = 26.58
loadcellx = 255.12
loadcelly = 17.89
markx = 299.0
marky = 23.1421

[Probe]
probex = 190.81
probey = -4.73
deltax = 0.0
deltay = 0.03000000000000025

